1 115
2 20
3 22
4 12
5 7
6 7
7 8
8 7
9 12
10 6
11 7
12 5
13 7
14 6
15 6
16 8
17 8
18 9
19 8
20 3
21 3
22 3
23 4
24 4
25 7
26 5
27 4
28 4
29 3
30 3
31 4
32 6
33 4
34 5
35 5
36 4
37 7
38 3
39 4
40 4
41 3
42 3
43 3
44 4
45 4
46 3
47 3
48 4
49 4
50 5
51 3
52 3
53 4
54 4
55 4
56 4
57 4
58 3
59 3
60 4
61 5
62 5
63 5
64 5
65 5
66 5
67 6
68 5
69 5
70 6
71 4
72 7
73 3
74 3
75 2
76 4
77 4
78 4
79 4
80 4
81 4
82 3
83 3
84 4
85 4
86 2
87 3
88 4
89 3
90 5
91 4
92 3
93 5
94 2
95 4
96 5
97 4
98 6
99 4
100 4
101 4
102 4
103 5
104 4
105 4
106 4
107 4
108 5
109 3
110 5
111 4
112 4
113 4
114 8
115 5
116 4
117 6
118 6
119 8
120 9
121 5
122 8
123 7
124 7
125 6
126 8
127 8
128 5
129 4
130 3
131 3
132 4
133 4
134 4
135 5
136 4
137 4
138 4
139 4
140 3
141 4
142 4
143 3
144 4
145 4
146 6
147 2
148 2
149 4
150 3
151 3
152 4
153 4
154 3
155 4
156 4
157 3
158 4
159 2
160 3
161 3
162 4
163 4
164 3
165 2
166 3
167 3
168 4
169 2
170 2
171 3
172 3
173 5
174 4
175 5
176 2
177 3
178 2
179 3
180 3
181 3
182 3
183 2
184 3
185 3
186 4
187 3
188 3
189 3
190 3
191 2
192 2
193 3
194 2
195 4
196 2
197 3
198 3
199 3
200 2
201 2
202 3
203 2
204 2
205 3
206 3
207 3
208 3
209 2
210 3
211 3
212 3
213 3
214 4
215 3
216 2
217 2
218 3
219 3
220 2
221 2
222 2
223 2
224 2
225 3
226 2
227 3
228 2
229 3
230 3
231 2
232 3
233 2
234 4
235 3
236 2
237 2
238 3
239 2
240 2
241 3
242 2
243 2
244 3
245 2
246 4
247 3
248 2
249 2
250 4
251 3
252 2
253 3
254 3
255 2
256 4
257 3
258 2
259 2
260 3
261 3
262 3
263 3
264 2
265 3
266 3
267 2
268 2
269 3
270 3
271 3
272 2
273 3
274 2
275 4
276 3
277 4
278 3
279 2
280 3
281 3
282 4
283 3
284 3
285 5
286 5
287 2
288 2
289 1
